This Staging#_Data will flash the light module according to the channel number and helps to identify which channel controls the different light modules.

Source: https://g20.bimmerpost.com/forums/showpost.php?p=31876812&postcount=134
Credit: SimR
Video: 

FLM2 Left [43]
Staging1_Data:
01,00,01,32,64,02,00,03,32,64,00,00,14,64,03,00,05,32,64,00,00,14,64,00,00,14,64,04,00,07,32,64,00,00,14,64,00,00,14,64,00,00,14,64,05,00,09,32,64,00,00,14,64,00,00,14,64,00,00,14,64,00,00,14,64,06,00,0B,32,64,00,00,14,64,00,00,14,64,00,00,14,64,00,00,14,64,00,00,14,64,07,00,0D,32,64,00,00,14,64,00,00,14,64,00,00,14,64,00,00,14,64,00,00,14,64,00,00,14,64,08,00,0F,32,64,00,00,14,64,00,00,14,64,00,00,14,64,00,00,14,64,00,00,14,64,00,00,14,64,00,00,14,64,09,00,11,32,64,00,00,14,64,00,00,14,64,00,00,14,64,00,00,14,64,00,00,14,64,00,00,14,64,00,00,14,64,00,00,14,64,0A,00,13,32,64,00,00,14,64,00,00,14,64,00,00,14,64,00,00,14,64,00,00,14,64,00,00,14,64,00,00,14,64,00,00,14,64,00,00,14,64,0B,00,15,32,64,00,00,14,64,00,00,14,64,00,00,14,64,00,00,14,64,00

Staging2_Data:
00,14,64,00,00,14,64,00,00,14,64,00,00,14,64,00,00,14,64,00,00,14,64,0C,00,17,32,64,00,00,14,64,00,00,14,64,00,00,14,64,00,00,14,64,00,00,14,64,00,00,14,64,00,00,14,64,00,00,14,64,00,00,14,64,00,00,14,64,00,00,14,64,0D,00,19,32,64,00,00,14,64,00,00,14,64,00,00,14,64,00,00,14,64,00,00,14,64,00,00,14,64,00,00,14,64,00,00,14,64,00,00,14,64,00,00,14,64,00,00,14,64,00,00,14,64,00,00,00,00,00,00,00,00,00,00,00,00,00,00,00,00,00,00,00,00,00,00,00,00,00,00,00,00,00,00,00,00,00,00,00,00,00,00,00,00,00,00,00

FLM2 Right [44]
Staging1_Data:
01,00,01,32,64,02,00,03,32,64,00,00,14,64,03,00,05,32,64,00,00,14,64,00,00,14,64,04,00,07,32,64,00,00,14,64,00,00,14,64,00,00,14,64,05,00,09,32,64,00,00,14,64,00,00,14,64,00,00,14,64,00,00,14,64,06,00,0B,32,64,00,00,14,64,00,00,14,64,00,00,14,64,00,00,14,64,00,00,14,64,07,00,0D,32,64,00,00,14,64,00,00,14,64,00,00,14,64,00,00,14,64,00,00,14,64,00,00,14,64,08,00,0F,32,64,00,00,14,64,00,00,14,64,00,00,14,64,00,00,14,64,00,00,14,64,00,00,14,64,00,00,14,64,09,00,11,32,64,00,00,14,64,00,00,14,64,00,00,14,64,00,00,14,64,00,00,14,64,00,00,14,64,00,00,14,64,00,00,14,64,0A,00,13,32,64,00,00,14,64,00,00,14,64,00,00,14,64,00,00,14,64,00,00,14,64,00,00,14,64,00,00,14,64,00,00,14,64,00,00,14,64,0B,00,15,32,64,00,00,14,64,00,00,14,64,00,00,14,64,00,00,14,64,00

Staging2_Data:
00,14,64,00,00,14,64,00,00,14,64,00,00,14,64,00,00,14,64,00,00,14,64,0C,00,17,32,64,00,00,14,64,00,00,14,64,00,00,14,64,00,00,14,64,00,00,14,64,00,00,14,64,00,00,14,64,00,00,14,64,00,00,14,64,00,00,14,64,00,00,14,64,0D,00,19,32,64,00,00,14,64,00,00,14,64,00,00,14,64,00,00,14,64,00,00,14,64,00,00,14,64,00,00,14,64,00,00,14,64,00,00,14,64,00,00,14,64,00,00,14,64,00,00,14,64,00,00,00,00,00,00,00,00,00,00,00,00,00,00,00,00,00,00,00,00,00,00,00,00,00,00,00,00,00,00,00,00,00,00,00,00,00,00,00,00,00,00,00
